#GEN	TIME		EVAL	BEST		AVG		STDDEV		WORST

0	0.0		100		3.05e+32  4.75e+30  3.20e+31  0.00e+00
1	0.1		200		3.05e+32  5.57e+30  3.28e+31  0.00e+00
2	0.2		300		3.05e+32  6.37e+30  3.35e+31  0.00e+00
3	0.2		400		3.05e+32  1.10e+31  4.57e+31  0.00e+00
4	0.2		500		3.05e+32  1.12e+31  4.56e+31  0.00e+00
5	0.3		600		3.05e+32  1.11e+31  4.56e+31  0.00e+00
6	0.3		700		3.05e+32  1.43e+31  5.42e+31  0.00e+00
7	0.4		800		3.05e+32  1.49e+31  5.45e+31  0.00e+00
8	0.4		900		3.05e+32  1.57e+31  5.48e+31  0.00e+00
9	0.4		1000		3.05e+32  1.57e+31  5.49e+31  0.00e+00
10	0.5		1100		3.05e+32  1.48e+31  5.46e+31  0.00e+00
11	0.5		1200		3.05e+32  1.80e+31  6.17e+31  0.00e+00
12	0.6		1300		3.05e+32  2.11e+31  6.79e+31  0.00e+00
13	0.6		1400		3.05e+32  2.10e+31  6.79e+31  0.00e+00
14	0.6		1500		3.05e+32  1.73e+31  6.14e+31  0.00e+00
15	0.7		1600		3.05e+32  1.58e+31  6.08e+31  0.00e+00
16	0.7		1700		3.05e+32  1.35e+31  5.38e+31  0.00e+00
17	0.8		1800		3.05e+32  1.73e+31  6.14e+31  0.00e+00
18	0.8		1900		3.05e+32  1.74e+31  6.14e+31  0.00e+00
19	0.8		2000		3.05e+32  1.73e+31  6.14e+31  0.00e+00
20	0.9		2100		3.05e+32  1.50e+31  5.45e+31  0.00e+00
21	0.9		2200		3.05e+32  1.19e+31  4.61e+31  0.00e+00
22	0.10		2300		3.05e+32  1.43e+31  5.42e+31  0.00e+00
23	0.10		2400		3.05e+32  1.37e+31  5.38e+31  0.00e+00
24	0.10		2500		3.05e+32  1.66e+31  6.11e+31  0.00e+00
25	0.11		2600		3.05e+32  1.65e+31  6.11e+31  0.00e+00
26	0.11		2700		3.05e+32  2.02e+31  6.77e+31  0.00e+00
27	0.11		2800		3.05e+32  2.25e+31  7.32e+31  0.00e+00
28	0.12		2900		3.05e+32  2.63e+31  7.85e+31  0.00e+00
29	0.12		3000		3.05e+32  2.47e+31  7.37e+31  0.00e+00
30	0.13		3100		3.05e+32  1.94e+31  6.21e+31  0.00e+00
31	0.13		3200		3.05e+32  1.72e+31  6.14e+31  0.00e+00
32	0.13		3300		3.05e+32  1.03e+31  4.52e+31  0.00e+00
33	0.14		3400		3.05e+32  1.12e+31  4.56e+31  0.00e+00
34	0.14		3500		3.05e+32  1.19e+31  4.61e+31  0.00e+00
35	0.14		3600		3.05e+32  1.26e+31  4.65e+31  0.00e+00
36	0.15		3700		3.05e+32  1.19e+31  4.61e+31  0.00e+00
37	0.15		3800		3.05e+32  9.05e+30  3.55e+31  0.00e+00
38	0.15		3900		3.05e+32  1.28e+31  4.65e+31  0.00e+00
39	0.16		4000		3.05e+32  1.65e+31  5.52e+31  0.00e+00
40	0.16		4100		3.05e+32  8.21e+30  3.48e+31  0.00e+00
41	0.17		4200		3.05e+32  1.05e+31  4.52e+31  0.00e+00
42	0.17		4300		3.05e+32  1.36e+31  5.38e+31  0.00e+00
43	0.17		4400		3.05e+32  1.74e+31  6.13e+31  0.00e+00
44	0.18		4500		3.05e+32  1.74e+31  6.13e+31  0.00e+00
45	0.18		4600		3.05e+32  1.21e+31  4.60e+31  0.00e+00
46	0.19		4700		3.05e+32  1.35e+31  4.69e+31  0.00e+00
47	0.19		4800		3.05e+32  1.34e+31  5.39e+31  0.00e+00
48	0.20		4900		3.05e+32  1.27e+31  5.35e+31  0.00e+00
49	0.20		5000		3.05e+32  1.05e+31  4.52e+31  0.00e+00
50	0.20		5100		3.05e+32  1.44e+31  5.42e+31  0.00e+00
51	0.21		5200		3.05e+32  1.13e+31  4.56e+31  0.00e+00
52	0.21		5300		3.05e+32  1.13e+31  4.56e+31  0.00e+00
53	0.22		5400		3.05e+32  1.42e+31  5.42e+31  0.00e+00
54	0.22		5500		3.05e+32  1.79e+31  6.16e+31  0.00e+00
55	0.23		5600		3.05e+32  1.87e+31  6.19e+31  0.00e+00
56	0.23		5700		3.05e+32  2.10e+31  6.79e+31  0.00e+00
57	0.23		5800		3.05e+32  1.80e+31  6.16e+31  0.00e+00
58	0.24		5900		3.05e+32  1.88e+31  6.18e+31  0.00e+00
59	0.24		6000		3.05e+32  1.87e+31  6.19e+31  0.00e+00
60	0.24		6100		3.05e+32  1.27e+31  4.65e+31  0.00e+00
61	0.25		6200		3.05e+32  1.56e+31  5.48e+31  0.00e+00
62	0.25		6300		3.05e+32  1.65e+31  6.11e+31  0.00e+00
63	0.25		6400		3.05e+32  1.51e+31  5.44e+31  0.00e+00
64	0.26		6500		3.05e+32  1.28e+31  4.64e+31  0.00e+00
65	0.26		6600		3.05e+32  1.49e+31  5.45e+31  0.00e+00
66	0.26		6700		3.05e+32  1.73e+31  6.14e+31  0.00e+00
67	0.27		6800		3.05e+32  1.96e+31  6.75e+31  0.00e+00
68	0.27		6900		3.05e+32  2.11e+31  6.79e+31  0.00e+00
69	0.27		7000		3.05e+32  1.50e+31  5.45e+31  0.00e+00
70	0.28		7100		3.05e+32  1.34e+31  4.69e+31  0.00e+00
71	0.28		7200		3.05e+32  1.63e+31  5.51e+31  0.00e+00
72	0.29		7300		3.05e+32  1.64e+31  6.11e+31  0.00e+00
73	0.29		7400		3.05e+32  1.58e+31  6.08e+31  0.00e+00
74	0.29		7500		3.05e+32  1.36e+31  5.38e+31  0.00e+00
75	0.30		7600		3.05e+32  1.27e+31  5.34e+31  0.00e+00
76	0.30		7700		3.05e+32  1.51e+31  6.05e+31  0.00e+00
77	0.30		7800		3.05e+32  1.82e+31  6.70e+31  0.00e+00
78	0.31		7900		3.05e+32  1.29e+31  5.35e+31  0.00e+00
79	0.31		8000		3.05e+32  1.35e+31  5.38e+31  0.00e+00
80	0.31		8100		3.05e+32  1.28e+31  5.35e+31  0.00e+00
81	0.32		8200		3.05e+32  1.12e+31  4.57e+31  0.00e+00
82	0.32		8300		3.05e+32  1.28e+31  5.35e+31  0.00e+00
83	0.33		8400		3.05e+32  1.28e+31  5.35e+31  0.00e+00
84	0.33		8500		3.05e+32  1.12e+31  5.27e+31  0.00e+00
85	0.33		8600		3.05e+32  1.42e+31  6.02e+31  0.00e+00
86	0.34		8700		3.05e+32  1.19e+31  5.31e+31  0.00e+00
87	0.34		8800		3.05e+32  1.65e+31  6.11e+31  0.00e+00
88	0.34		8900		3.05e+32  1.65e+31  6.11e+31  0.00e+00
89	0.35		9000		3.05e+32  1.35e+31  5.38e+31  0.00e+00
90	0.35		9100		3.05e+32  1.50e+31  5.45e+31  0.00e+00
91	0.36		9200		3.05e+32  1.21e+31  4.60e+31  0.00e+00
92	0.36		9300		3.05e+32  1.27e+31  4.65e+31  0.00e+00
93	0.36		9400		3.05e+32  8.31e+30  3.48e+31  0.00e+00
94	0.37		9500		3.05e+32  1.03e+31  4.52e+31  0.00e+00
95	0.37		9600		3.05e+32  1.26e+31  5.35e+31  0.00e+00
96	0.38		9700		3.05e+32  1.19e+31  5.31e+31  0.00e+00
97	0.38		9800		3.05e+32  1.35e+31  5.38e+31  0.00e+00
98	0.38		9900		3.05e+32  1.49e+31  5.45e+31  0.00e+00
99	0.39		10000		3.05e+32  1.80e+31  6.16e+31  0.00e+00
