26	4.14		135000		5.40e-01  1.10e+01  2.13e+02  1.21e+04
#GEN	TIME		EVAL	BEST		AVG		STDDEV		WORST

0	0.12		5000		6.45e+03  1.29e+04  3.63e+03  2.68e+05
1	0.18		10000		4.22e+03  1.24e+04  7.81e+02  1.29e+04
2	0.27		15000		3.23e+03  1.13e+04  1.53e+03  1.28e+04
27	4.41		140000		5.14e-01  5.04e+00  7.45e+01  1.87e+03
3	0.35		20000		1.69e+03  9.04e+03  1.67e+03  1.25e+04
4	0.47		25000		5.14e-01  6.94e+03  1.38e+03  1.23e+04
28	4.65		145000		5.14e-01  6.99e+00  1.06e+02  4.85e+03
5	0.82		30000		5.14e-01  5.33e+03  1.33e+03  1.19e+04
29	4.97		150000		5.14e-01  1.35e+01  2.73e+02  1.23e+04
30	5.21		155000		5.14e-01  8.80e+00  1.92e+02  1.19e+04
6	1.16		35000		5.14e-01  4.01e+03  9.54e+02  1.28e+04
31	5.45		160000		5.14e-01  5.62e+00  8.44e+01  2.96e+03
7	1.41		40000		5.14e-01  3.22e+03  1.06e+03  1.24e+04
32	5.68		165000		5.14e-01  5.33e+00  8.63e+01  2.91e+03
8	1.68		45000		5.14e-01  2.18e+03  1.15e+03  1.00e+04
33	5.91		170000		5.14e-01  4.18e+00  7.24e+01  2.88e+03
9	2.0		50000		5.14e-01  1.05e+03  9.04e+02  4.14e+03
34	6.21		175000		5.14e-01  6.23e+00  1.87e+02  1.23e+04
10	2.37		55000		7.13e-04  3.68e+02  4.49e+02  2.89e+03
35	6.49		180000		5.14e-01  5.47e+00  1.76e+02  1.19e+04
11	2.61		60000		7.13e-04  1.08e+02  2.06e+02  2.85e+03
36	6.73		185000		5.14e-01  8.36e+00  1.90e+02  1.21e+04
12	2.89		65000		7.13e-04  2.49e+01  1.00e+02  2.85e+03
37	7.1		190000		5.14e-01  7.03e+00  1.86e+02  1.21e+04
13	3.14		70000		7.13e-04  1.00e+01  9.54e+01  2.79e+03
38	7.27		195000		5.14e-01  4.87e+00  7.67e+01  2.87e+03
14	3.35		75000		7.13e-04  1.96e+01  3.54e+02  1.20e+04
39	7.50		200000		5.14e-01  8.34e+00  1.89e+02  1.19e+04
15	3.56		80000		7.13e-04  1.39e+01  2.67e+02  1.18e+04
40	7.73		205000		5.14e-01  9.41e+00  2.54e+02  1.22e+04
16	3.84		85000		7.13e-04  1.62e+01  3.19e+02  1.16e+04
41	8.6		210000		6.48e-04  5.14e+00  8.17e+01  2.91e+03
17	4.23		90000		7.10e-04  1.14e+01  2.63e+02  1.18e+04
42	8.40		215000		6.48e-04  6.41e+00  8.50e+01  1.46e+03
18	4.49		95000		6.48e-04  1.54e+01  3.79e+02  1.23e+04
43	8.66		220000		6.48e-04  8.93e+00  1.14e+02  2.87e+03
19	4.74		100000		6.48e-04  3.33e+00  9.09e+01  4.64e+03
44	8.91		225000		6.48e-04  5.27e+00  7.65e+01  1.46e+03
20	5.2		105000		6.48e-04  6.02e+00  2.46e+02  1.23e+04
45	9.18		230000		6.48e-04  8.11e+00  1.92e+02  1.21e+04
21	5.30		110000		6.48e-04  1.67e+01  3.63e+02  1.18e+04
46	9.43		235000		6.48e-04  8.02e+00  1.89e+02  1.21e+04
47	9.73		240000		6.48e-04  1.26e+01  3.15e+02  1.25e+04
22	5.65		115000		6.48e-04  1.10e+01  2.91e+02  1.16e+04
48	10.0		245000		6.48e-04  1.22e+01  3.21e+02  1.26e+04
23	5.95		120000		6.48e-04  7.14e+00  2.44e+02  1.20e+04
49	10.24		250000		6.48e-04  1.20e+01  3.49e+02  1.26e+04
24	6.27		125000		6.48e-04  1.02e+01  2.56e+02  1.20e+04
50	10.48		255000		6.48e-04  1.52e+01  3.75e+02  1.23e+04
25	6.54		130000		6.48e-04  1.37e+01  3.43e+02  1.23e+04
51	10.70		260000		6.48e-04  1.43e+01  3.45e+02  1.23e+04
26	6.84		135000		6.48e-04  7.73e+00  1.92e+02  1.20e+04
52	10.95		265000		6.48e-04  9.41e+00  2.64e+02  1.26e+04
53	11.20		270000		6.48e-04  5.60e+00  1.91e+02  1.26e+04
27	7.15		140000		6.48e-04  1.79e+01  3.54e+02  1.21e+04
54	11.42		275000		6.48e-04  1.43e+01  3.12e+02  1.19e+04
28	7.42		145000		6.48e-04  6.83e+00  1.01e+02  2.80e+03
55	11.64		280000		6.48e-04  8.86e+00  2.18e+02  1.20e+04
29	7.70		150000		6.48e-04  6.08e+00  9.70e+01  2.80e+03
56	11.85		285000		6.48e-04  1.10e+01  3.18e+02  1.25e+04
57	12.16		290000		6.48e-04  1.31e+01  3.40e+02  1.23e+04
30	8.7		155000		6.48e-04  5.19e+00  9.89e+01  4.42e+03
58	12.37		295000		6.48e-04  1.37e+01  3.05e+02  1.26e+04
31	8.37		160000		6.48e-04  1.48e+01  2.79e+02  1.09e+04
59	12.59		300000		6.48e-04  9.91e+00  2.64e+02  1.23e+04
32	8.71		165000		6.48e-04  8.11e+00  1.84e+02  1.11e+04
60	12.83		305000		6.48e-04  5.76e+00  1.93e+02  1.26e+04
61	13.5		310000		6.48e-04  7.13e+00  2.49e+02  1.21e+04
33	9.4		170000		6.48e-04  9.04e+00  1.31e+02  5.03e+03
62	13.27		315000		6.48e-04  1.60e+01  3.43e+02  1.28e+04
34	9.36		175000		6.48e-04  6.69e+00  1.05e+02  3.94e+03
63	13.49		320000		6.48e-04  1.02e+01  3.09e+02  1.23e+04
64	13.71		325000		6.48e-04  4.96e+00  1.82e+02  1.18e+04
35	9.71		180000		6.48e-04  7.39e+00  1.01e+02  2.82e+03
65	13.92		330000		6.48e-04  9.58e+00  2.99e+02  1.21e+04
66	14.18		335000		6.48e-04  1.04e+01  2.85e+02  1.24e+04
36	10.10		185000		6.48e-04  4.44e+00  7.49e+01  1.42e+03
67	14.39		340000		6.48e-04  9.25e+00  2.57e+02  1.20e+04
37	10.45		190000		6.48e-04  3.91e+00  6.85e+01  1.47e+03
68	14.62		345000		6.48e-04  2.06e+00  5.37e+01  1.46e+03
69	14.87		350000		6.48e-04  9.94e+00  2.47e+02  1.11e+04
38	10.85		195000		6.48e-04  3.52e+00  6.53e+01  1.55e+03
70	15.9		355000		6.48e-04  1.33e+01  3.57e+02  1.25e+04
39	11.23		200000		6.48e-04  5.10e+00  8.07e+01  1.47e+03
71	15.34		360000		6.48e-04  1.02e+01  2.66e+02  1.23e+04
72	15.55		365000		6.48e-04  1.08e+01  3.07e+02  1.26e+04
40	11.60		205000		6.48e-04  7.63e+00  1.83e+02  1.16e+04
73	15.78		370000		6.48e-04  1.63e+01  3.57e+02  1.26e+04
74	16.4		375000		6.48e-04  1.00e+01  2.86e+02  1.23e+04
41	12.1		210000		6.48e-04  8.88e+00  1.93e+02  1.20e+04
75	16.25		380000		6.48e-04  1.06e+01  2.73e+02  1.23e+04
42	12.39		215000		6.48e-04  1.22e+01  2.71e+02  1.20e+04
76	16.49		385000		6.48e-04  1.67e+01  3.92e+02  1.23e+04
77	16.70		390000		6.48e-04  1.37e+01  3.76e+02  1.26e+04
43	12.75		220000		6.48e-04  6.42e+00  9.72e+01  2.80e+03
78	16.92		395000		6.48e-04  9.16e+00  2.58e+02  1.24e+04
79	17.17		400000		6.48e-04  1.08e+01  3.09e+02  1.24e+04
44	13.15		225000		6.48e-04  1.03e+01  2.54e+02  1.23e+04
80	17.38		405000		6.48e-04  1.21e+01  3.11e+02  1.18e+04
81	17.63		410000		6.48e-04  8.03e+00  2.53e+02  1.23e+04
45	13.55		230000		6.48e-04  9.09e+00  2.41e+02  1.18e+04
82	17.85		415000		6.48e-04  9.12e+00  3.04e+02  1.23e+04
46	13.91		235000		6.48e-04  3.34e+00  6.08e+01  1.40e+03
83	18.7		420000		6.48e-04  9.85e+00  3.04e+02  1.25e+04
84	18.31		425000		6.48e-04  1.34e+01  3.20e+02  1.23e+04
47	14.30		240000		6.48e-04  5.18e+00  8.47e+01  2.85e+03
85	18.52		430000		6.48e-04  9.54e+00  2.68e+02  1.26e+04
86	18.78		435000		6.48e-04  9.02e+00  2.51e+02  1.20e+04
48	14.70		245000		6.48e-04  3.20e+00  6.84e+01  3.05e+03
87	19.0		440000		6.48e-04  1.51e+01  3.73e+02  1.26e+04
49	15.6		250000		6.48e-04  3.75e+00  8.29e+01  4.21e+03
88	19.21		445000		6.48e-04  1.23e+01  3.18e+02  1.25e+04
89	19.44		450000		6.48e-04  5.09e+00  1.89e+02  1.26e+04
50	15.44		255000		6.48e-04  2.28e+00  4.68e+01  1.42e+03
90	19.66		455000		6.48e-04  9.51e+00  2.67e+02  1.26e+04
91	19.93		460000		6.48e-04  5.37e+00  2.16e+02  1.19e+04
51	15.86		260000		6.48e-04  2.90e+00  5.43e+01  1.42e+03
92	20.15		465000		6.48e-04  6.47e+00  1.95e+02  1.20e+04
52	16.22		265000		6.48e-04  3.08e+00  6.22e+01  2.11e+03
93	20.37		470000		6.48e-04  5.49e+00  1.92e+02  1.26e+04
94	20.60		475000		6.48e-04  1.27e+01  3.27e+02  1.23e+04
53	16.61		270000		6.48e-04  2.88e+00  5.44e+01  1.40e+03
95	20.82		480000		6.48e-04  1.05e+01  2.86e+02  1.20e+04
96	21.8		485000		6.48e-04  8.87e+00  2.59e+02  1.23e+04
54	17.2		275000		6.48e-04  4.07e+00  7.41e+01  2.80e+03
97	21.30		490000		6.48e-04  1.49e+01  3.84e+02  1.26e+04
55	17.38		280000		6.48e-04  2.38e+00  5.22e+01  1.66e+03
98	21.52		495000		6.48e-04  1.68e+01  3.94e+02  1.23e+04
99	21.73		500000		6.48e-04  6.17e+00  1.88e+02  1.19e+04
56	17.76		285000		6.48e-04  6.70e+00  1.84e+02  1.18e+04
100	21.95		505000		6.48e-04  1.29e+01  3.51e+02  1.25e+04
101	22.22		510000		6.48e-04  1.87e+01  4.06e+02  1.31e+04
57	18.18		290000		6.48e-04  4.83e+00  9.35e+01  4.21e+03
102	22.43		515000		6.48e-04  4.87e+00  1.13e+02  4.30e+03
58	18.52		295000		6.48e-04  2.78e+00  6.13e+01  2.85e+03
103	22.66		520000		6.48e-04  1.21e+01  3.09e+02  1.23e+04
104	22.88		525000		6.48e-04  7.36e+00  2.09e+02  1.23e+04
59	18.89		300000		6.48e-04  7.13e+00  1.86e+02  1.16e+04
105	23.12		530000		6.48e-04  5.56e+00  2.01e+02  1.32e+04
106	23.33		535000		6.48e-04  2.49e+00  8.09e+01  4.27e+03
107	23.53		540000		6.48e-04  7.85e+00  2.47e+02  1.20e+04
108	23.73		545000		6.48e-04  8.78e+00  2.61e+02  1.23e+04
109	23.94		550000		6.48e-04  7.50e+00  2.44e+02  1.17e+04
110	24.15		555000		6.48e-04  1.83e+01  4.48e+02  1.25e+04
111	24.35		560000		6.48e-04  9.58e+00  3.13e+02  1.26e+04
112	24.55		565000		6.48e-04  1.54e+01  3.66e+02  1.26e+04
113	24.74		570000		6.48e-04  7.12e+00  2.12e+02  1.20e+04
114	24.94		575000		6.48e-04  7.46e+00  1.93e+02  1.20e+04
115	25.14		580000		6.48e-04  1.74e+01  3.95e+02  1.26e+04
116	25.34		585000		6.48e-04  1.16e+01  3.09e+02  1.21e+04
117	25.55		590000		6.48e-04  9.46e+00  2.25e+02  1.19e+04
118	25.75		595000		6.48e-04  2.04e+01  4.28e+02  1.26e+04
119	25.97		600000		6.48e-04  6.08e+00  2.00e+02  1.28e+04
120	26.17		605000		6.48e-04  5.60e+00  1.10e+02  2.88e+03
121	26.36		610000		6.48e-04  6.44e+00  1.93e+02  1.17e+04
